,1-Mar,2-Mar,3-Mar,4-Mar,5-Mar,6-Mar,7-Mar,8-Mar,9-Mar,10-Mar,11-Mar,12-Mar,13-Mar,14-Mar,15-Mar,16-Mar,17-Mar,18-Mar,19-Mar,20-Mar,21-Mar,22-Mar,23-Mar,24-Mar,25-Mar,26-Mar,27-Mar,28-Mar,29-Mar,30-Mar,31-Mar,1-Apr,2-Apr,3-Apr,4-Apr,5-Apr,6-Apr,7-Apr,8-Apr,9-Apr,10-Apr,11-Apr,12-Apr,13-Apr,14-Apr,15-Apr,16-Apr,17-Apr,18-Apr,19-Apr,20-Apr,21-Apr,22-Apr,23-Apr,24-Apr,25-Apr,26-Apr,27-Apr,28-Apr,29-Apr,30-Apr,1-May,2-May,3-May,4-May,5-May,6-May,7-May,8-May,9-May,10-May,11-May,12-May,13-May,14-May,15-May,16-May,17-May
Hospital_cum,0,0,0,0,0,0,0,0,0,0,0,0,0,0,0,0,45,48,57,67,74,90,182,235,332,401,493,528,594,722,810,967,1122,1278,1372,1486,1632,1839,2014,2164,2294,2374,2474,2648,2835,3035,3217,3492,3600,3667,3829,4121,4299,4467,4585,4645,4677,4809,4990,5115,5176,5274,5301,5335,5467,5479,5579,5648,5733,5773,5814,5883,5975,6028,6112,6177,6203,6263
Death_cum,0,0,0,0,0,0,0,0,0,1,1,1,1,1,1,1,2,2,4,5,5,7,9,11,20,26,32,37,44,54,66,79,91,119,132,147,172,199,222,241,267,299,324,363,401,455,495,576,601,617,663,729,796,847,895,914,943,1000,1056,1111,1171,1208,1228,1255,1312,1367,1417,1468,1512,1530,1568,1612,1658,1708,1753,1792,1821,1839
Vent_cum,0,0,0,0,0,0,0,0,0,0,0,0,0,0,0,0,0,0,13,13,14,16,38,38,57,69,76,93,97,110,114,131,144,186,203,211,249,292,345,356,382,395,406,429,450,473,489,530,545,547,569,602,627,651,671,677,680,704,734,750,773,789,794,806,827,847,868,885,898,905,915,931,946,964,976,999,1004,1008
Infected_cum,1,1,7,11,13,14,14,19,20,27,32,40,53,69,94,144,191,231,290,339,408,534,661,795,1208,1460,1804,2132,2478,3005,3511,4057,4578,5289,5954,6360,6918,7544,7968,8417,8869,9181,9424,10039,10457,10824,11379,12007,12333,13740,15117,16427,17482,18500,19088,19546,20379,20944,22449,23182,24203,24881,25649,26177,27793,28612,29413,30186,31193,31667,32219,33164,34404,35297,36230,37280,37974,38451
Hospital_new,0,0,0,0,0,0,0,0,0,0,0,0,0,0,0,0,0,3,9,10,7,16,28,53,97,69,92,35,66,128,88,157,155,156,94,114,146,207,175,150,130,80,100,174,187,200,182,275,108,67,162,292,157,168,118,63,32,132,181,125,61,93,27,34,132,12,100,69,85,40,41,69,92,53,84,65,26,60
Death_new,0,0,0,0,0,0,0,0,0,1,0,0,0,0,0,0,1,0,2,1,0,2,2,2,9,6,6,5,7,10,12,13,12,28,13,15,25,27,23,19,26,32,25,39,38,54,40,81,25,16,46,66,67,51,48,19,29,57,56,55,60,37,20,27,57,55,50,51,44,18,38,44,46,50,45,39,29,18
Infected_new,0,0,6,4,2,1,0,5,1,7,5,8,13,16,25,50,45,40,61,50,68,126,127,134,413,252,344,328,346,527,506,546,521,711,665,406,558,626,424,449,452,312,243,615,418,367,555,628,326,1407,1377,1310,1055,1018,588,458,833,565,1505,733,1021,678,768,528,1616,819,801,773,1007,474,552,945,1240,893,933,1050,694,477
Vent_new,0,0,0,0,0,0,0,0,0,0,0,0,0,0,0,0,0,0,0,0,4,6,16,0,19,12,7,17,4,13,4,17,13,42,17,8,38,43,53,11,26,13,11,23,21,23,16,41,15,2,22,33,25,24,20,6,3,24,30,16,23,16,5,12,21,20,21,17,13,7,10,16,15,18,12,23,5,4
Hospital_capacity,23299,23299,23299,23299,23299,23299,23299,23299,23299,23299,23299,23299,23299,23299,23299,23299,23299,23299,23299,23299,23299,23299,23299,23299,23299,23299,23299,23299,23299,23299,23299,23299,23299,23299,23299,23299,23299,23299,23299,23299,23299,23299,23299,23299,23299,23299,23299,23299,23299,23299,23299,23299,23299,23299,23299,23299,23299,23299,23299,23299,23299,23299,23299,23299,23299,23299,23299,23299,23299,23299,23299,23299,23299,23299,23299,23299,23299,23299
ICU_capacity,2245,2245,2245,2245,2245,2245,2245,2245,2245,2245,2245,2245,2245,2245,2245,2245,2245,2245,2245,2245,2245,2245,2245,2245,2245,2245,2245,2245,2245,2245,2245,2245,2245,2245,2245,2245,2245,2245,2245,2245,2245,2245,2245,2245,2245,2245,2245,2245,2245,2245,2245,2245,2245,2245,2245,2245,2245,2245,2245,2245,2245,2245,2245,2245,2245,2245,2245,2245,2245,2245,2245,2245,2245,2245,2245,2245,2245,2245
vent_available,592,655,676,667,655,668,643,667,661,659,653,636,644,628,628,703,774,766,807,828,823,829,876,856,860,901,1012,853,865,856,941,1058,850,918,972,850,1003,1025,911,1088,1095,987,1018,1097,922,1122,1092,1113,1009,958,1124,1140,1218,1210,1187,1159,1019,1164,1060,1206,1072,1201,1177,1145,1324,1171,1171,1172,1289,1153,1221,1217,1272,1331,1239,1083,1217,1264
ICU_available,104,98,101,72,92,117,85,113,124,120,99,89,96,97,119,126,160,180,193,180,185,227,226,225,213,244,234,240,214,221,240,291,284,246,242,266,259,246,255,276,279,601,528,586,227,247,231,259,262,225,231,246,261,240,208,236,232,256,249,219,226,226,240,271,221,207,207,197,217,277,204,253,194,214,192,190,220,220