,1-Mar,2-Mar,3-Mar,4-Mar,5-Mar,6-Mar,7-Mar,8-Mar,9-Mar,10-Mar,11-Mar,12-Mar,13-Mar,14-Mar,15-Mar,16-Mar,17-Mar,18-Mar,19-Mar,20-Mar,21-Mar,22-Mar,23-Mar,24-Mar,25-Mar,26-Mar,27-Mar,28-Mar,29-Mar,30-Mar,31-Mar,1-Apr,2-Apr,3-Apr,4-Apr,5-Apr,6-Apr,7-Apr,8-Apr,9-Apr,10-Apr,11-Apr,12-Apr,13-Apr,14-Apr,15-Apr,16-Apr,17-Apr,18-Apr,19-Apr,20-Apr,21-Apr,22-Apr,23-Apr,24-Apr,25-Apr,26-Apr,27-Apr,28-Apr,29-Apr,30-Apr,1-May,2-May,3-May,4-May,5-May,6-May,7-May,8-May,9-May,10-May,11-May,12-May,13-May,14-May,15-May,16-May,17-May,18-May,19-May,20-May,21-May,22-May,23-May,24-May,25-May,26-May,27-May,28-May,29-May,30-May,31-May,1-Jun,2-Jun,3-Jun,4-Jun,5-Jun,6-Jun,7-Jun,8-Jun,9-Jun,10-Jun,11-Jun,12-Jun,13-Jun,14-Jun,15-Jun,16-Jun,17-Jun,18-Jun,19-Jun,20-Jun,21-Jun,22-Jun,23-Jun,24-Jun,25-Jun,26-Jun,27-Jun,28-Jun,29-Jun,30-Jun,1-Jul,2-Jul,3-Jul,4-Jul,5-Jul,6-Jul,7-Jul,8-Jul,9-Jul,10-Jul,11-Jul,12-Jul,13-Jul,14-Jul,15-Jul,16-Jul,17-Jul,18-Jul,19-Jul,20-Jul,21-Jul,22-Jul,23-Jul,24-Jul,25-Jul,26-Jul,27-Jul,28-Jul,29-Jul,30-Jul,31-Jul,1-Aug,2-Aug,3-Aug,4-Aug,5-Aug,6-Aug,7-Aug,8-Aug,9-Aug,10-Aug,11-Aug,12-Aug,13-Aug,14-Aug,15-Aug,16-Aug,17-Aug,18-Aug,19-Aug,20-Aug,21-Aug,22-Aug,23-Aug,24-Aug,25-Aug,26-Aug,27-Aug,28-Aug,29-Aug,30-Aug,31-Aug,1-Sep,2-Sep,3-Sep,4-Sep,5-Sep,6-Sep,7-Sep,8-Sep,9-Sep,10-Sep,11-Sep,12-Sep,13-Sep,14-Sep,15-Sep,16-Sep,17-Sep,18-Sep,19-Sep,20-Sep,21-Sep,22-Sep,23-Sep,24-Sep,25-Sep,26-Sep,27-Sep,28-Sep,29-Sep,30-Sep,1-Oct,2-Oct,3-Oct,4-Oct,5-Oct,6-Oct,7-Oct,8-Oct,9-Oct,10-Oct,11-Oct,12-Oct,13-Oct,14-Oct,15-Oct,16-Oct,17-Oct,18-Oct,19-Oct,20-Oct,21-Oct,22-Oct,23-Oct,24-Oct,25-Oct,26-Oct,27-Oct,28-Oct,29-Oct,30-Oct,31-Oct,1-Nov,2-Nov,3-Nov,4-Nov,5-Nov,6-Nov,7-Nov,8-Nov,9-Nov,10-Nov,11-Nov,12-Nov,13-Nov,14-Nov,15-Nov,16-Nov,17-Nov,18-Nov,19-Nov,20-Nov,21-Nov,22-Nov,23-Nov,24-Nov,25-Nov,26-Nov,27-Nov,28-Nov,29-Nov,30-Nov,1-Dec,2-Dec,3-Dec,4-Dec,5-Dec,6-Dec,7-Dec,8-Dec,9-Dec,10-Dec,11-Dec,12-Dec,13-Dec,14-Dec,15-Dec,16-Dec,17-Dec,18-Dec,19-Dec,20-Dec,21-Dec,22-Dec,23-Dec,24-Dec,25-Dec,26-Dec,27-Dec,28-Dec,29-Dec,30-Dec,31-Dec,1-Jan,2-Jan,3-Jan,4-Jan,5-Jan,6-Jan,7-Jan,8-Jan,9-Jan,10-Jan,11-Jan,12-Jan,13-Jan
Hospital_cum,0,0,0,0,0,0,0,0,0,0,0,0,0,0,0,0,45,48,57,67,74,90,182,235,332,401,493,528,594,722,810,967,1122,1278,1372,1486,1632,1839,2014,2164,2294,2374,2474,2648,2835,3035,3217,3492,3600,3667,3829,4121,4299,4467,4585,4645,4677,4809,4990,5115,5176,5274,5301,5335,5467,5479,5579,5648,5733,5773,5814,5883,5975,6028,6112,6177,6224,6256,6330,6427,6522,6620,6630,6675,6743,6787,6858,6931,7018,7050,7085,7109,7239,7257,7396,7467,7537,7554,7584,7686,7815,7851,7930,7981,8034,8046,8082,8187,8287,8363,8450,8470,8486,8566,8603,8768,8856,8901,8920,9006,9105,9163,9337,9342,9429,9471,9544,9771,10010,10284,10573,10744,10790,10846,10849,10855,11066,11802,12029,12038,12107,12314,12699,12952,13089,13188,13209,13249,13323,13442,13649,13805,13994,14037,14083,14326,14498,14673,14841,14921,14940,14983,15140,15269,15469,15632,15820,15853,15858,16105,16296,16524,16780,16897,16908,16919,17158,17346,17507,17534,17539,17550,17574,17637,17727,17939,18208,18342,18355,18380,18383,18618,18918,19183,19352,19392,19401,19666,19967,20262,20569,20701,20708,20717,21088,21353,21647,21908,22123,22129,22131,22325,22601,22917,23102,23229,23269,23283,23378,23497,23717,23849,24006,24013,24015,24032,24073,24122,24165,24196,24201,24207,24235,24304,24497,24760,24900,24927,24927,24964,25387,25543,25739,25822,25824,25835,25937,26136,26332,26508,26573,26595,26606,26788,26999,27030,27295,27535,27548,27560,27690,27921,28045,28097,28169,28196,28227,28394,28667,28924,28989,29042,29110,29165,29447,29707,30045,30519,30519,30593,30694,31032,31273,31691,31931,32118,32209,32330,32620,32979,33511,33927,34520,35089,35734,36201,36550,36843,36843,37746,38010,38121,38671,39749,41152,42159,42636,42942,43149,43150,43151,43152,43153,43154,43155,43156,43157,43158,43159
Death_cum,0,0,0,0,0,0,0,0,0,1,1,1,1,1,1,1,2,2,4,5,5,7,9,11,20,26,32,37,44,54,66,79,91,119,132,147,172,199,222,241,267,299,324,363,401,455,495,576,601,617,663,729,796,847,895,914,943,1000,1056,1111,1171,1208,1228,1255,1312,1367,1417,1468,1512,1530,1568,1612,1658,1708,1753,1792,1821,1837,1913,1970,2014,2049,2090,2104,2116,2142,2193,2241,2290,2337,2362,2384,2443,2487,2531,2565,2620,2645,2655,2707,2767,2813,2832,2890,2907,2926,2959,2991,3027,3063,3110,3120,3137,3171,3205,3246,3267,3285,3305,3326,3369,3399,3454,3454,3454,3487,3534,3579,3642,3689,3738,3793,3809,3822,3894,3936,3988,4047,4084,4095,4104,4154,4213,4262,4300,4351,4360,4375,4426,4516,4552,4621,4669,4692,4701,4758,4825,4869,4918,4967,4977,4996,5057,5109,5171,5214,5245,5254,5273,5335,5392,5446,5491,5537,5545,5558,5605,5663,5701,5732,5759,5769,5784,5829,5878,5932,5977,6000,6005,6030,6036,6090,6128,6171,6197,6208,6231,6273,6286,6324,6330,6330,6353,6366,6401,6423,6455,6486,6504,6514,6515,6551,6576,6610,6626,6641,6646,6654,6682,6709,6726,6741,6768,6771,6773,6790,6812,6834,6855,6863,6876,6877,6912,6944,6956,6974,6989,6993,7000,7027,7040,7044,7056,7071,7074,7076,7097,7117,7140,7157,7170,7172,7177,7200,7216,7221,7246,7266,7269,7275,7299,7335,7363,7396,7429,7438,7446,7497,7544,7580,7604,7623,7639,7655,7700,7740,7782,7842,7886,7909,7936,8000,8075,8149,8199,8269,8298,8345,8431,8568,8664,8757,8817,8875,8931,9016,9151,9299,9433,9438,9482,9555,9782,10056,10345,10552,10682,10773,10850,11071,11328,11545,11863,12084,12250,12387,12674,12947,13234
Vent_cum,0,0,0,0,0,0,0,0,0,0,0,0,0,0,0,0,0,0,13,13,14,16,38,38,57,69,76,93,97,110,114,131,144,186,203,211,249,292,345,356,382,395,406,429,450,473,489,530,545,547,569,602,627,651,671,677,680,704,734,750,773,789,794,806,827,847,868,885,898,905,915,931,946,964,976,999,1004,1008,1043,1059,1076,1085,1098,1102,1107,1109,1143,1158,1181,1197,1216,1220,1244,1246,1282,1297,1316,1322,1325,1349,1371,1390,1399,1417,1420,1423,1447,1459,1483,1495,1517,1523,1528,1542,1543,1561,1572,1581,1588,1591,1605,1622,1644,1645,1645,1652,1672,1694,1736,1772,1798,1823,1826,1830,1831,1861,1884,1969,1988,1993,1997,2025,2065,2091,2109,2132,2142,2147,2167,2215,2244,2290,2323,2343,2343,2392,2421,2453,2469,2498,2507,2530,2568,2602,2631,2650,2670,2677,2693,2732,2773,2800,2827,2855,2861,2866,2889,2907,2920,2931,2949,2952,2953,2976,2994,3024,3052,3066,3068,3073,3075,3121,3149,3175,3197,3201,3206,3232,3260,3293,3305,3318,3321,3321,3342,3363,3382,3400,3420,3422,3423,3446,3463,3489,3500,3505,3508,3513,3530,3539,3563,3577,3596,3597,3599,3605,3621,3635,3640,3648,3648,3651,3667,3673,3682,3707,3730,3730,3730,3743,3779,3788,3806,3817,3819,3819,3835,3854,3871,3882,3888,3890,3894,3916,3921,3928,3950,3968,3968,3971,3984,4016,4030,4047,4064,4072,4077,4104,4131,4160,4168,4180,4190,4191,4209,4223,4251,4339,4355,4367,4382,4412,4450,4481,4503,4524,4534,4560,4603,4649,4682,4720,4747,4783,4819,4854,4901,4945,4945,4996,5016,5044,5159,5301,5461,5608,5695,5745,5796,5797,5798,5799,5800,5801,5802,5803,5804,5805,5806
Infected_cum,1,1,7,11,13,14,14,19,20,27,32,40,53,69,94,144,191,231,290,339,408,534,661,795,1208,1460,1804,2132,2478,3005,3511,4057,4578,5289,5954,6360,6918,7544,7968,8417,8869,9181,9424,10039,10457,10824,11379,12007,12333,13740,15117,16427,17482,18500,19088,19546,20379,20944,22449,23182,24203,24881,25649,26177,27793,28612,29413,30186,31193,31667,32219,33164,34404,35297,36230,37280,37974,38390,39533,40857,42037,43052,44055,44971,45979,47767,48680,49774,51562,53651,54996,55968,57118,58181,59650,61045,62338,63844,64644,65822,67018,68875,70476,72015,73018,73791,75084,77189,78227,79609,81636,83397,85942,88262,89490,91467,93232,95371,97894,100772,103529,105463,107667,110310,113497,114993,116570,120539,123004,124738,127358,130242,133549,136129,140307,143009,147468,150319,153041,155887,159045,161673,164870,166848,168757,172325,173995,176028,178642,183383,185872,188481,190693,192167,193788,195614,197912,201106,204167,206761,208528,210424,211808,214197,216139,218693,220762,221950,223131,224031,225827,227346,229054,230662,231695,232893,233777,235386,236986,238458,239756,240749,241681,242521,243935,244999,246407,247542,248334,248821,249241,249859,251024,252066,253176,253985,254656,255049,256111,257271,258516,259817,260797,261446,262133,263333,264414,265752,266988,267801,268455,269284,270299,271371,272653,273638,274565,274942,275856,277445,278665,279909,281165,282135,282982,283750,285016,286183,287222,288136,288451,289366,290009,290486,294065,296821,298937,299760,300614,302077,303369,305070,306327,307618,309190,310595,311745,313526,315564,317656,319977,322207,323625,325876,327964,330450,332865,336549,339560,342343,344523,348336,353232,357451,361869,364520,370636,374134,378323,383275,387793,390891,395843,400919,408396,414185,421881,430583,439408,449851,457880,466321,475271,487917,501635,512872,525486,532730,543769,566005,580325,596721,610372,623670,634849,647542,663621,677299,693263,706448,719833,733325,746089,756116,770602,790582,806210,818639,827498,840611,852165,871404,889405,905695,920177,932697,944319,957976,975299
Hospital_new,0,0,0,0,0,0,0,0,0,0,0,0,0,0,0,0,0,3,9,10,7,16,28,53,97,69,92,35,66,128,88,157,155,156,94,114,146,207,175,150,130,80,100,174,187,200,182,275,108,67,162,292,157,168,118,63,32,132,181,125,61,93,27,34,132,12,100,69,85,40,41,69,92,53,84,65,27,32,74,72,95,76,10,45,68,44,63,73,87,32,35,24,131,18,139,71,70,17,30,102,129,36,79,51,53,12,34,105,100,76,87,20,16,80,37,165,88,45,19,86,99,58,174,5,87,42,73,227,239,274,289,171,46,56,3,6,211,736,227,9,69,207,385,253,137,85,21,40,74,119,207,156,189,43,46,243,172,175,168,80,19,43,157,129,200,163,188,33,5,247,191,228,256,117,11,11,239,188,161,27,5,11,24,63,90,212,269,134,13,25,3,235,300,265,169,40,9,265,301,295,307,132,7,9,371,265,294,261,215,6,2,194,276,316,185,127,40,14,95,119,220,132,157,7,2,17,41,49,43,31,5,6,28,69,193,263,140,27,0,37,423,156,196,83,2,11,102,199,196,176,65,22,11,182,211,31,265,240,13,12,130,231,124,52,72,27,31,167,273,257,65,53,68,55,282,260,338,474,0,74,101,338,241,418,240,187,91,121,290,359,532,416,593,569,645,467,349,293,0,903,264,111,550,1078,1403,1007,477,306,207,1,1,1,1,1,1,1,1,1,1
Death_new,0,0,0,0,0,0,0,0,0,1,0,0,0,0,0,0,1,0,2,1,0,2,2,2,9,6,6,5,7,10,12,13,12,28,13,15,25,27,23,19,26,32,25,39,38,54,40,81,25,16,46,66,67,51,48,19,29,57,56,55,60,37,20,27,57,55,50,51,44,18,38,44,46,50,45,39,29,16,76,57,44,35,41,14,12,26,51,48,49,47,25,22,59,44,44,34,55,25,10,52,60,46,19,58,17,19,33,32,36,36,47,10,17,34,34,41,21,18,20,21,43,30,55,0,0,33,47,45,63,47,49,55,16,13,72,42,52,59,37,11,9,50,59,49,38,51,9,15,51,90,36,69,48,23,9,57,67,44,49,49,10,19,61,52,62,43,31,9,19,62,57,54,45,46,8,13,47,58,38,31,27,10,15,45,49,54,45,23,5,25,6,54,38,43,26,11,23,42,13,38,6,0,23,13,35,22,32,31,18,10,1,36,25,34,16,15,5,8,28,27,17,15,27,3,2,17,22,22,21,8,13,1,35,32,12,18,15,4,7,27,13,4,12,15,3,2,21,20,23,17,13,2,5,23,16,5,25,20,3,6,24,36,28,33,33,9,8,51,47,36,24,19,16,16,45,40,42,60,44,23,27,64,75,74,50,70,29,47,86,137,96,93,60,58,56,85,135,148,134,5,44,73,227,274,289,207,130,91,77,221,257,217,318,221,166,137,287,273,287
Infected_new,0,0,6,4,2,1,0,5,1,7,5,8,13,16,25,50,45,40,61,50,68,126,127,134,413,252,344,328,346,527,506,546,521,711,665,406,558,626,424,449,452,312,243,615,418,367,555,628,326,1407,1377,1310,1055,1018,588,458,833,565,1505,733,1021,678,768,528,1616,819,801,773,1007,474,552,945,1240,893,933,1050,694,416,1143,1324,1180,1015,1003,916,1008,1788,913,1094,1788,2089,1345,972,1150,1063,1469,1395,1293,1506,800,1178,1196,1857,1601,1539,1003,773,1293,2105,1038,1382,2027,1761,2545,2320,1228,1977,1765,2139,2523,2878,2757,1934,2204,2643,3187,1496,1577,3969,2465,1734,2620,2884,3307,2580,4178,2702,4459,2851,2722,2846,3158,2628,3197,1978,1909,3568,1670,2033,2614,4741,2489,2609,2212,1474,1621,1826,2298,3194,3061,2594,1767,1896,1384,2389,1942,2554,2069,1188,1181,900,1796,1519,1708,1608,1033,1198,884,1609,1600,1472,1298,993,932,840,1414,1064,1408,1135,792,487,420,618,1165,1042,1110,809,671,393,1062,1160,1245,1301,980,649,687,1200,1081,1338,1236,813,654,829,1015,1072,1282,985,927,377,914,1589,1220,1244,1256,970,847,768,1266,1167,1039,914,315,915,643,477,3579,2756,2116,823,854,1463,1292,1701,1257,1291,1572,1405,1150,1781,2038,2092,2321,2230,1418,2251,2088,2486,2415,3684,3011,2783,2180,3813,4896,4219,4418,2651,6116,3498,4189,4952,4518,3098,4952,5076,7477,5789,7696,8702,8825,10443,8029,8441,8950,12646,13718,11237,12614,7244,11039,22236,14320,16396,13651,13298,11179,12693,16079,13678,15964,13185,13385,13492,12764,10027,14486,19980,15628,12429,8859,13113,11554,19239,18001,16290,14482,12520,11622,13657,17323
Vent_new,0,0,0,0,0,0,0,0,0,0,0,0,0,0,0,0,0,0,0,0,4,6,16,0,19,12,7,17,4,13,4,17,13,42,17,8,38,43,53,11,26,13,11,23,21,23,16,41,15,2,22,33,25,24,20,6,3,24,30,16,23,16,5,12,21,20,21,17,13,7,10,16,15,18,12,23,5,4,35,16,17,9,13,4,5,2,34,15,23,16,19,4,24,2,36,15,19,6,3,24,22,19,9,18,3,3,24,12,24,12,22,6,5,14,1,18,11,9,7,3,14,17,22,1,0,7,20,22,42,36,26,25,3,4,1,30,23,85,19,5,4,28,40,26,18,23,10,5,20,48,29,46,33,20,0,49,29,32,16,29,9,23,38,34,29,19,20,7,16,39,41,27,27,28,6,5,23,18,13,11,18,3,1,23,18,30,28,14,2,5,2,46,28,26,22,4,5,26,28,33,12,13,3,0,21,21,19,18,20,2,1,23,17,26,11,5,3,5,17,9,24,14,19,1,2,6,16,14,5,8,0,3,16,6,9,25,23,0,0,13,36,9,18,11,2,0,16,19,17,11,6,2,4,22,5,7,22,18,0,3,13,32,14,17,17,8,5,27,27,29,8,12,10,1,18,14,28,88,16,12,15,30,38,31,22,21,10,26,43,46,33,38,27,36,36,35,47,44,0,51,20,28,115,142,160,147,87,50,51,1,1,1,1,1,1,1,1,1,1